image: capella_map.png
resolution: 0.05000000074505806
origin: [-5.992257308959961, -5.056077575683594, 0.0]
negate: 0
occupied_thresh: 0.65
free_thresh: 0.196
